version https://git-lfs.github.com/spec/v1
oid sha256:2e30603361d707f7cf1330e4424ad4295572f6d1af88ec802dd667842a4e5ba0
size 34729470
